[3149, 9243, 5077, 1730, 2899, 2222, 9504, 9094, 198, 3947]
[1790, 767, 2065, 6596, 3003, 8588, 4196, 1033, 425, 3385]
[5204, 4079, 2728, 3935, 3911, 6970, 1038, 8477, 6593, 2056]
[6314, 5537, 4668, 2928, 8081, 6153, 1226, 1760, 1533, 9096]
[5752, 9757, 9702, 2075, 1075, 2474, 7595, 9955, 2623, 8874]
[6379, 8346, 7803, 590, 4428, 3268, 4938, 7264, 4922, 9910]
[3470, 4506, 8742, 1758, 3234, 2131, 512, 4566, 1324, 6811]
[8805, 8712, 7561, 5355, 1356, 6447, 6073, 8696, 9028, 8375]
[6083, 4392, 1087, 6043, 9649, 7973, 6090, 5691, 2080, 3993]
[3160, 1405, 8396, 290, 3594, 7452, 9960, 884, 1241, 2718]
[4213, 3685, 9213, 941, 5329, 6482, 2941, 5224, 2386, 927]
