[[12,13,1,12],[13,4,13,12],[13,8,10,12],[12,13,12,12],[13,13,13,13]]

12 13  1 12
13  4 13 12
13  8 10 12
12 13 12 12
13 13 13 13

 0  0  0  0
 0  8  0  0
 0  4  2  0
 0  0  0  0
 0  0  0  0

 [[5,8,7,7],[5,2,1,5],[7,1,7,1],[8,9,6,9],[9,8,9,9]]

 5 8 7 7
 5 2 1 5
 7 1 7 1
 8 9 6 9
 9 8 9 9

 0 0 0 0
 0 3 4 0
 0 4 0 0
 0 0 1 0
 0 0 0 0

 [[5,5,5,1],[5,1,1,5],[5,1,5,5],[5,2,5,8]]

 5 5 5 1
 5 1 1 5
 5 1 5 5
 5 2 5 8

 0 0 0 0
 0 2 2 0
 0 2 0 0
 0 0 0 0

 [[78,16,94,36],[87,93,50,22],[63,28,91,60],[64,27,41,27],[73,37,12,69],[68,30,83,31],[63,24,68,36]]

 78 16 94 36
 87 93 50 22
 63 28 91 60
 64 27 41 27
 73 37 12 69
 68 30 83 31
 63 24 68 36

  0  0  0  0
  0  0  0  0
  0  9  0  0
  0 10  0  0
  0  0 25  0
  0  0  0  0
  0  0  0  0