[5,3,6,2,4,null,7]
3
[5,3,6,2,4,null,7]
0
[]
0
[1]
1
[8,4,12,2,6,10,14,1,3,5,7,9,11,13,15]
1
[8,4,12,2,6,10,14,1,3,5,7,9,11,13,15]
2
[8,4,12,2,6,10,14,1,3,5,7,9,11,13,15]
3
[8,4,12,2,6,10,14,1,3,5,7,9,11,13,15]
4
[8,4,12,2,6,10,14,1,3,5,7,9,11,13,15]
5
[8,4,12,2,6,10,14,1,3,5,7,9,11,13,15]
6
[8,4,12,2,6,10,14,1,3,5,7,9,11,13,15]
7
[8,4,12,2,6,10,14,1,3,5,7,9,11,13,15]
8
[8,4,12,2,6,10,14,1,3,5,7,9,11,13,15]
9
[8,4,12,2,6,10,14,1,3,5,7,9,11,13,15]
10
[8,4,12,2,6,10,14,1,3,5,7,9,11,13,15]
11
[8,4,12,2,6,10,14,1,3,5,7,9,11,13,15]
12
[8,4,12,2,6,10,14,1,3,5,7,9,11,13,15]
13
[8,4,12,2,6,10,14,1,3,5,7,9,11,13,15]
14
[8,4,12,2,6,10,14,1,3,5,7,9,11,13,15]
15